,A_jaccard_upgma,A_jaccard_nj,B_hamming_upgma,B_hamming_nj,B_whamming_upgma,B_whamming_nj,C_chamming_upgma,C_chamming_nj
A_jaccard_upgma,0.000,0.400,0.067,0.500,0.233,0.500,0.300,0.533
A_jaccard_nj,0.400,0.000,0.467,0.333,0.300,0.333,0.500,0.500
B_hamming_upgma,0.067,0.467,0.000,0.500,0.300,0.500,0.300,0.500
B_hamming_nj,0.500,0.333,0.500,0.000,0.500,0.467,0.500,0.267
B_whamming_upgma,0.233,0.300,0.300,0.500,0.000,0.367,0.333,0.533
B_whamming_nj,0.500,0.333,0.500,0.467,0.367,0.000,0.500,0.433
C_chamming_upgma,0.300,0.500,0.300,0.500,0.333,0.500,0.000,0.500
C_chamming_nj,0.533,0.500,0.500,0.267,0.533,0.433,0.500,0.000
